[LC]
dt = 0.01
T = 400.0
TandMaskFile = t.dat
noiseLvl = 1.0e-3
intrinsicVar = 1.0e-1
tolIR = 1.0e-3

[PSD]
numTimes = 1000
numFreqs = 1000
f_incr = 50.0
T_incr = 0.02
F = 2.5e-5
T = 4000

[C-ARMA]
r_1 = -0.73642081+0j
r_2 = -0.01357919+0j
r_3 = -0.58756912+0.5674838j
r_4 = -0.58756912-0.5674838j
# a_1 = 0.75
# a_2 = 0.01
b_0 = 7.0e-9
b_1 = 1.2e-9
b_2 = 5.6e-10
numBurn = 1000000

[MCMC]
nwalkers = 100
nsteps = 100
maxEvals = 1000
xTol = 0.005
scatterFactor = 1.0e-6

[MISC]
escChar = #
