[LC]
#dt: 0.01
#T: 400.0
tStart: 0.0
startCadence: 0
noiseLvl: 1.0e-3
intrinsicVar: 1.0e-1
tolIR: 1.0e-3
suppliedLC: Irregular.lc

[TASK]
doNoiseless = True

[PSD]
tNum = 1000
tMin = 1.0e-3
tMax = 1.0e4

[C-ARMA]
r_1 = -0.73642081+0j
r_2 = -0.01357919+0j
r_3 = -0.29848912+10.57831276j
r_4 = -0.29848912-10.57831276j
r_5 = -0.0052329875+0j
#a_1 = 0.75
#a_2 = 0.01
sigma = 7.0e-9
m_1 = -5.83333333
#m_2 = -1.76345895
#m_3 = -0.02378299
#b_0 = 7.0e-9
#b_1 = 1.2e-9
numBurn = 1000000
RootPolyTol = 1.0e-6

[MCMC]
nthreads = 4
nwalkers = 160
nsteps = 250
maxEvals = 1000
xTol = 0.005
scatterFactor = 1.0e-1
sigmaFactor = 1.0e-2
pMin = 4
pMax = 6
qMin = 0
qMax = p - 1

[MISC]
escChar = #
